32.4283624942
33.0817451601
34.6645447101
38.6427114557
45.4002764325
53.9856151735
62.5415377687
69.1746876746
72.9522493136
74.1859175888
74.3348509257
73.7556290664
73.2435107635
72.9418791812
72.9339161252
73.1742422457
73.4753900834
73.6857270301
73.6018143172
73.1186985999
72.2335672677
71.029671737
69.6145783874
68.0410243164
66.3000947314
64.3489191791
62.159286051
59.7451066885
57.1469385546
54.4332602614
51.6959072158
49.0597957637
46.6403033503
44.504069744
42.6179928895
40.8713747716
39.1423854229
37.5082167449
36.0681547862
35.2699006062
35.3607898502
36.2479425694
37.5422357727
38.7459215905
39.4958138329
39.7441371054
39.765493234
39.6764634701
39.7220248479
39.984275438
40.4628570773
41.0829572527
41.7489444647
42.375402605
42.9070873404
43.2983380048
43.5131915229
43.5365548551
43.4047255282
43.1801579607
42.9172449087
42.618639366
42.2136445134
41.6137862757
40.773563368
39.7403833147
38.6587703383
37.7084693833
37.0139686647
36.5881979044
36.3591403676
36.1687183587
35.9322024169
35.5881871128
35.0770927137
34.3286527367
33.2679686202
31.8730449796
30.2315413894
28.5366205731
26.9466070481
25.5876292815
24.4723409699
23.5479081904
22.7468432425
22.0124136309
21.3073142042
20.6019650852
19.8539575439
19.0183226857
18.0606823807
16.9747794619
15.8054590391
14.6635961098
13.707991588
13.1052864012
12.9684693204
13.3176685415
14.0828391027
15.1275311638
16.3109709781
17.5286490648
18.7251250535
19.9639959105
21.3985229252
23.1995620838
25.4858725591
28.2562433575
31.3877967244
34.717784518
38.1079570985
41.4503274612
44.7005319311
47.8350417148
50.828907405
53.6603764088
56.3035205599
58.7712753905
61.1193109717
63.4104433341
65.6674287063
67.8435176711
69.8307847144
71.5150954704
72.8558835306
73.8909339883
74.7119332092
75.3904375975
75.8665325768
76.0588089253
75.7541898096
74.8873755866
73.5693371923
72.0221133688
70.4370386732
68.8615390675
67.1428897602
64.9963360755
62.295259953
58.9939215601
55.287406532
51.5046569327
48.0212088677
45.1087130828
42.8747667772
41.2467921249
40.0474230513
39.0632401109
38.1031304185
37.0566180972
35.9003368517
34.7082554119
33.5779188226
32.6013413785
31.8220471254
31.2741579757
31.0162457899
31.1165657518
31.6194194781
32.4944705167
33.6352807268
34.9027954533
36.1968332123
37.4720098972
38.7341521004
40.0060071069
41.1737646482
42.1407164255
42.5806603257
42.3357764353
41.4987487521
40.3789043545
39.3475928225
38.6588399995
38.3318254367
38.1501353102
38.0277584715
37.7842235519
37.3689904778
36.6663687753
35.6461358585
34.0631043933
31.8051278411
28.9728515742
25.8810540153
22.9278682775
20.3903121021
18.3028696865
16.4563242405
14.8111092625
13.3034304047
12.0480379016
11.2014267771
10.9070099781
11.2257766034
12.0701702032
13.2349111667
14.4357715802
15.4615070201
16.2694666125
17.0285262033
18.03939544
19.5734677327
21.715918062
24.3218355076
27.1451144892
29.982228843
32.7947147063
35.6627545182
38.6528910246
41.7235807073
44.7630514812
47.6946097128
50.5371861591
53.3860570162
56.3082856231
59.25444443
62.08147996
64.6242703884
66.7529300399
68.4166101338
69.6322203196
70.44780202
70.9427394429
71.2229520326
71.3834348411
71.4816492538
71.502170426
71.3629183257
70.9849400065
70.3457286712
69.4912650448
68.4891270544
67.3625887926
66.0498278224
64.4171015881
62.2946327788
59.5554774783
56.18027302
52.2925458635
48.0850594354
43.8469340085
39.7353517702
35.9520392964
32.7352202537
30.2903610083
28.7657383421
28.1243478272
28.2297891801
28.8963331959
30.0745052942
31.6489750532
33.5117898662
35.4858675154
37.3672530434
39.0358250458
40.4153879754
41.5521713971
42.5746851465
43.6183854956
44.6982207042
45.6447208888
46.1734504267
46.0902074653
45.4381854693
44.4862330493
43.5736396959
42.9292649051
42.6251824009
42.6020358418
42.7225254515
42.7948089274
42.6298956128
42.1240387674
41.329386777
40.4456733209
39.7003395261
39.2286535136
38.9883396335
38.7935324178
38.4189305637
37.7018824577
36.5870999358
35.1111185538
