25.6600571513
26.5232572778
28.6178569634
33.883785694
42.8417705286
54.2350271948
65.510417903
74.1544345141
78.6881106579
79.5600441043
78.8374192717
77.1569032333
75.6596503957
74.5020622986
73.6454165022
72.8920968146
72.182203654
71.3767442766
70.4229609919
69.276257106
67.9109604096
66.3024964237
64.2894582664
61.7783610334
58.500272489
54.5220867782
50.2563441761
46.294222416
43.1111186329
40.8418258028
39.2402597851
37.8587593387
36.5800821557
35.3329603868
34.264930405
33.5280812067
33.1778305905
33.1878951199
33.456497361
33.8720940525
34.3707842043
34.9575495561
35.6635014059
36.5161571312
37.4821621122
38.4465797567
39.3007787645
39.9689911608
40.460520694
40.8513888551
41.2345246796
41.6529948773
42.0887393152
42.440804016
42.5840393171
42.4285090246
41.956584116
41.2382555566
40.3882758525
39.5089146618
38.6438159455
37.7726814323
36.8530898126
35.8872677294
34.9441669971
34.1290640228
33.5061529162
33.0403687768
32.6100195519
32.0754410811
31.3479223364
30.412636121
29.3078388164
28.0766749126
26.7614742691
25.4041276839
24.0543387713
22.7687512247
21.5944905296
20.559777666
19.6757929207
18.938613725
18.3239136197
17.7925906416
17.317006556
16.8706642071
16.4856773213
16.1708859711
15.9440401079
15.8220755745
15.8342772134
16.0244083105
16.4351782921
17.1014921093
18.020890036
19.2361161505
20.7724152377
22.672303877
24.9435438749
27.554753117
30.4333279168
33.5379135681
36.8108646468
40.3019836625
43.9966411865
47.7592039131
51.3603482854
54.5707965503
57.2895322804
59.6073287353
61.7706012054
63.9195089399
66.0977580137
68.143539383
69.8045463755
70.8750714102
71.3217907536
71.3145179533
71.1425541294
71.0857254822
71.302642445
71.7839680371
72.3759599825
72.8462091182
72.963465995
72.5633830548
71.5754649626
70.0243079709
67.9934266334
65.5905251095
62.9219257245
60.0680460589
57.0898989826
53.8732789888
50.4524002367
46.5629402958
42.2636019448
37.9374998433
34.125096855
31.2999396084
29.6911956395
29.2381003971
29.6664244174
31.0200538593
33.0695855492
35.5468741224
38.0559760797
40.2603421661
42.0488116195
43.5200416832
44.8453553317
46.0892712278
47.1540484005
47.8459812637
48.0156789132
47.6209994535
46.7394998697
45.3974813901
43.6972676551
41.5498373682
39.0573398076
36.543455055
34.4188884082
32.9909557628
32.2836666823
32.0517431085
31.8988652236
31.7231312783
31.4353601754
31.0848712062
30.6937915574
30.2280945665
29.5940700755
28.6564119339
27.2936970381
25.4712179297
23.2907115956
20.9817996508
18.8123955351
16.9914654762
15.6023511856
14.6150962254
13.9611567571
13.6123039001
13.6170592678
14.0653144783
15.0286405106
16.4875136366
18.3194240015
20.3241413494
22.2743567299
23.9915361747
25.3991903912
26.5645495449
27.6804688373
29.0173426937
30.8246331771
33.2605710483
36.3555258021
40.0106786717
44.0551691749
48.2710245759
52.4278046849
56.3049907666
59.7511860838
62.7263775592
65.2914477197
67.5355893796
69.4777820452
71.0491551636
72.1568869834
72.796003729
73.0741786976
73.1543167923
73.1479516585
73.0460000921
72.7634833858
72.1917243635
71.3245891959
70.2328609851
68.9964534465
67.6397171978
66.1228492617
64.3763701014
62.3721581747
60.1535085803
57.7425141616
55.1401108975
52.3096215382
49.2306194834
45.959127804
42.6630905644
39.5702339839
36.8862938302
34.7197922464
33.0372094481
31.7068842236
30.5853878304
29.6087457541
28.8143362613
28.314369373
28.2142509308
28.5502213976
29.296960798
30.3749334741
31.686051919
33.1162321407
34.5312882223
35.7962143726
36.8285849656
37.631297201
38.2917252175
38.951421197
39.7342031819
40.707228977
41.8868389353
43.2359452415
44.6607672672
46.0057701319
47.0581857805
47.614458307
47.5605579233
46.9438859439
45.9678650744
44.912226699
44.0124907472
43.3651371995
42.9073853177
42.464917208
41.8629363331
40.9975879253
39.85806906
38.5055168466
37.0356813203
35.5758321106
34.2847347848
33.340207199
32.8683146259
32.881038812
33.242827561
33.7251019483
34.0900306986
34.1041686401
33.6734465148
32.6674093996
31.0955442233
29.1801168836
27.1202680944
25.1296001363
23.3468184276
21.764079057
20.255037936
18.7708741657
17.1737691576
15.4136557785
13.6646601013
12.143655345
11.0816759808
10.5651167489
10.534403694
10.8806586329
11.5322771952
12.4747136061
13.6896744454
15.1085885166
16.6311943928
18.2100217983
19.9232241904
21.9863502375
24.6705476137
28.172919952
32.4972226278
37.4262445777
42.5922707639
47.5952029043
52.13198409
56.0672906054
59.4404000344
62.399989378
65.10760472
67.6453661305
70.0089099429
72.1594990409
74.0796562156
75.7951174135
77.3172182109
78.6011245959
79.5511015867
80.0669730768
80.0809173072
79.5867129947
78.6532249291
77.4115090266
75.9957825484
74.4550574941
72.6888711953
70.5015303697
67.7253203287
64.3254618722
60.4306245994
56.2611126326
52.0603162659
48.0063120934
44.1977009783
40.6536113239
37.3797724762
34.4314446141
31.9295572226
30.0503543134
28.9486526139
28.6962238655
29.2302316308
30.3544057724
31.7901098361
33.2536437891
34.5388915907
35.5461828153
36.2757872066
36.8067027547
37.2654304876
37.8013089993
38.5231801026
39.4422453456
40.459439612
41.4353589548
42.284711983
43.0027776584
43.6017056863
43.9981780553
44.007522086
